 规划表如下
					         鸡蛋数量
			  1    2    3    4    5    6    7    8    9    10  
1 floor :     1    1    1    1    1    1    1    1    1    1    
2 floor :     2    2    2    2    2    2    2    2    2    2    
3 floor :     3    2    2    2    2    2    2    2    2    2    
4 floor :     4    3    3    3    3    3    3    3    3    3    
5 floor :     5    3    3    3    3    3    3    3    3    3    
6 floor :     6    3    3    3    3    3    3    3    3    3    
7 floor :     7    4    3    3    3    3    3    3    3    3    
8 floor :     8    4    4    4    4    4    4    4    4    4    
9 floor :     9    4    4    4    4    4    4    4    4    4    
10 floor :     10    4    4    4    4    4    4    4    4    4    
