-4861.505429080588 4832.659997972389
8833.149413390744 -5204.742194595759
-3416.559046034353 -2175.0126680184703
-9371.09048504553 -9989.276214612339
-6140.464952476159 2342.243876836903
-4054.8618181864595 -8180.038270326187
8900.447962772312 -7271.845545168975
5368.461040860468 -6581.869651740082
8314.585698264473 5030.722595325906
5827.932678038394 4903.353943945713
5648.623554050921 9597.969449562657
-3143.272422651271 1169.84683876501
-1415.8164629922703 2277.529076009998
-1239.4274268945373 -8312.685515144083
6497.948062111816 1355.9629534328396
6009.329371841623 6007.716432775162
-9375.80284325486 4834.959258873978
-3265.8408490166057 -5126.82861124242
4856.8245406900405 -6055.492665486056
-3042.1371553430945 -2150.1113362257283
-8158.933235271977 2830.3583423871314
-1742.4334974197664 -119.71336036873436
2158.9406002957494 844.9579144724303
5623.990724791134 4732.664451790177
-9265.065448771968 -4424.242529514988
9845.925974854392 -9992.918954445375
813.554152880577 -8592.820049485577
4919.569065064838 1229.6337157525577
-6291.692608119636 -1978.5675860889905
9037.039338270319 7606.08237261272
4057.64594958457 -5987.515722225811
1331.733155807431 -4040.982471109777
-8500.371087976502 7448.881089139606
-9354.423209401977 -9847.354202121063
-5014.711538496071 2623.9588154344856
1128.6292010651832 7693.290970201113
8562.918642045228 8909.235224727498
-7305.740515412107 -4584.320607153462
2607.324760462325 2836.725877090452
4546.423632252503 388.943998703171
8499.143625181932 -1820.0771734156287
-9589.203946107116 8768.592681344344
-9046.813225485526 3776.607592178674
-8815.753207516267 -2659.2075692368926
-6968.355873947783 3727.615305062147
-2247.4300470075705 -5978.753499069975
3449.404586319899 -704.3158935290812
4843.35332557491 -331.96560074404624
6714.431353383119 5279.480277553232
-1272.3920818840215 -1764.076300999859
-4576.865143309547 -503.03029317833716
-5512.474543524233 -4173.421107043143
8199.500636177065 -4307.662060464021
2850.001591328577 -2121.6631498693414
2632.1924466134587 -8907.734878926178
-9935.833594771031 -1201.66833605799
-9424.18566389164 2779.544281758479
-4630.346047350544 9727.030605755
-3370.288509713191 -2548.1811257376803
-2636.171705616177 7563.240876106902
5989.890934304047 -3330.742848372499
-5996.182621109976 -4979.356263110806
-752.5157727024889 9481.228288037768
-9174.857111376075 -156.15868979140214
-8922.32127176767 -9624.842172828616
8527.028170409132 1642.9869211219611
-1944.1540443047224 4439.368025224743
-2187.3947327397645 9537.999294269288
-6954.352509300117 -8756.007036386884
1988.5866240342002 6705.45914414437
1937.6322361064013 6736.309740886591
-2345.6670685664885 7091.363882287162
3101.1991176371776 -8093.210698810712
-6303.662189463695 -6653.826063226201
7119.219873143371 -8861.260166364826
-8429.98291380217 8802.193918850313
-5579.251924125832 -2267.446245846858
-3669.601380957155 3532.6789376840734
4875.347875017116 -4047.2133363820603
1266.3125494581327 -7382.174599531521
6623.387682171968 7728.551463459298
4989.821511449341 3432.96045406182
-167.65702581576443 -552.2161596770584
-7447.984888325627 -308.15106126613136
-243.31464566576506 1405.014144474153
8012.256059950294 4916.220944418024
7064.366043891565 -9131.116259209663
-7784.758271957881 -3228.243667108037
1700.5943907664841 -4906.9684224754865
4809.318500877953 -4781.316553430932
-4231.090326642939 -1587.2210857843493
-5878.273183543037 6867.85366325139
-2335.1920893584684 -6373.614369439058
1647.1067122132044 9145.176830536471
4655.800983829609 -1877.34820642887
-8298.043477889152 -3178.7051581058568
-3128.3651099360977 7934.235597696712
-1441.565779113027 901.7561479960914
6525.634291332546 -3921.0982530197634
2583.1786326056936 -7328.3549141137755
1974.5423922377286 -2346.348000158123
-4370.928092769619 5664.411841371586
8330.45276116849 320.2005617476425
-8077.449966908612 301.3886253302626
9757.45478445274 -885.3265216153814
4549.205362684977 4558.322155334465
7074.703840162736 3317.099745055095
-9288.152480306226 -3205.8985350308485
-7447.491477805441 6475.015059787813
-6328.932545771344 -7994.779283894016
3641.2520566002186 867.9511521919812
5058.6777408940525 -4127.555406112642
5344.306312674911 1678.9413897007034
-2342.6694496413456 -9414.945787712177
8268.628791409428 -6829.821878954108
744.9109903713143 -9172.53509935297
-9050.945121959741 8439.49520576878
8155.670181341888 7501.942227274609
-3778.161865494243 -3991.0443001474505
9877.693451823954 -7616.917005164989
7258.5366746986365 8849.424871244584
4993.882964336806 736.0115807269631
9580.043830841612 1868.240638965326
7895.600940394157 494.214400631472
-2084.8939560269873 -1016.2016769850579
9076.294581540518 -2514.4078930879823
-8569.109920858533 -9042.059009510696
-4773.32490796764 -8655.155371591733
2733.8688983616703 -6566.113781097755
4270.317236905623 7474.564843286553
-3458.9734422016563 628.482914472097
5700.860763710074 9602.567456491299
-1400.1513436157002 -3933.6012909014007
9987.429463075165 9960.392424137939
-6183.569559495958 -9245.765763649913
-5105.749422208157 -9856.878675082959
1661.5940596786022 -586.9525374191289
4309.577073065542 -8730.916351228128
7847.991815566576 9886.488050358232
9428.223069365547 -673.4949802804895
9214.312812173874 6262.951425542535
1396.240132957062 -8512.975683427261
-6735.816366451027 -627.4363714807787
-7002.099437268285 5958.899413591151
-5513.097328449852 5953.818818497388
-9944.055093871939 -6347.71763978178
-4890.107380235165 3042.609955732185
8070.497752850668 -9569.815860560991
-4490.118109147783 7963.141674458475
5785.566412761742 6696.457293274532
8650.156179749949 7132.554737024653
7118.67370222554 5318.627559889119
1870.3400275442946 3085.910441933831
-7415.289754020889 -9802.560938313667
4469.2429675181775 3628.297758506227
-766.5986894013986 -1429.5002854804916
-5732.413739523654 -9997.02884033472
6501.1276704812735 -4649.778602512811
1693.5029038989032 -7583.924784046152
9468.628064155888 -6359.981569013413
4085.9307608192266 -1016.7806853643397
1412.0717432235797 6897.063467802855
3428.2258268312107 -6462.249449131783
5904.303603873555 7351.703347869192
-1688.0205803290464 -6518.833121431964
-801.7416134455289 6974.863384332028
9708.275283072013 968.2193533797818
-7425.937222306009 3004.784078552584
4180.14014187644 6814.423934925668
5567.220137739298 -6456.429771457761
-4799.317653186359 3050.83047385178
1641.1825581530284 -5973.6292262482675
-6891.201832456813 -131.86522564770894
9489.020855444294 3071.0263680432945
-3772.2104386328992 -2559.727078733991
-2854.213945037147 -6368.660337577987
4111.527791407976 4413.1156972800345
-3338.9700209206576 -8238.754990769028
346.5088196655324 -7613.827679766358
4521.567833559508 8194.203569317408
9665.177692762172 -6771.246786855491
-2921.405771510981 -4481.382747071901
-4766.977878824244 1417.7106409501212
1362.4772285734216 -5714.334819345992
-46.24001406138268 -5274.534566140572
1696.0392509055036 7200.624746867146
6839.745426314399 9341.118357512358
3092.350082489267 -6274.061911355533
7144.827863375867 -5055.267028119454
5968.6074696573 -5140.674820013811
-9166.052546404666 4787.103508278869
4911.227401855327 2304.471198570527
5725.005312149087 3626.6695978978278
-4521.27639328536 8055.8331189115415
-6924.622003569924 9222.07690922376
8989.885913044734 -5631.251760835847
-6853.106440896552 5508.812089812842
833.1126100798156 4969.153433251811
-7883.161844693444 1817.4394457332273
3306.4219110044487 4276.2747014665765
2997.3712454698634 -9945.2899683412
-132.6933217369915 -2926.2065794562695
-1622.675088035876 9277.475590461985
-7568.436709292268 3860.1966950467195
-1140.4360113060648 -8555.017227624827
2407.660654244941 2267.068246898074
-2691.1351978499742 34.64098771263525
9692.493342409834 -8135.263469093295
3513.705153911593 8971.105148431037
7494.351070654331 -2878.0853898057294
-8683.867606498046 -4524.5624445899675
3577.329597477834 -1389.8651372578533
3958.785976964953 1656.3073752056862
-9464.07124586606 -2079.3662392684073
1416.3825796594247 -7187.618562605256
-6015.953229178562 5793.582898889927
-4286.9810536920695 -5068.240063384293
-980.5606195563469 -1330.8120498518147
-4677.536020868735 4721.4700036910635
-2822.2356910626577 -7885.791125454302
2167.35301508496 803.9405741196842
-7516.129258019857 8274.684055258036
3204.9422698834187 -9964.750639998654
8354.600870331451 -1457.7238609353226
-9260.508378046361 4468.876802934843
-3257.222926367378 -824.3361976694996
-9593.352679303121 7594.970483844274
-7881.749454103968 5517.88010030658
-3873.657581651966 -2760.9779400603366
-4626.971355787064 -8895.339646627643
8745.232438900966 -4473.984342770403
2302.2924725780776 2096.989255386261
824.997702000519 -9562.30650629436
-362.31828191141176 5960.429107593369
-7.908719075581757 9608.39352005166
1277.6419289541336 -9102.299078815717
-6818.307909865524 -2542.431056216931
582.6234789510017 5456.154381252585
-6304.244619986899 -3950.366511164185
-7290.11723471783 578.2647351054165
-9280.06215267764 2790.2302905729157
8660.688742893475 -5822.547159940666
-1826.0263101759792 -8598.34523722659
6559.902243990349 7332.487866901072
5363.469016400386 -3527.8152375599884
8072.019888110059 -114.74676928126064
8899.964427081519 -5025.188252617996
-4285.983640943514 -1702.3138357811913
-8470.223346840517 7415.2813866980105
-5431.689302591072 -6612.256631785123
-3068.117675120514 -5402.731730786614
7918.610882152916 -4761.775425433097
3593.7084774349823 -6042.243538467953
-3378.1810496992357 -5407.478306795535
9815.438579784724 2744.7043551306324
7116.588991460434 -2799.817472128465
4521.357575947193 -2935.412872388448
-4835.134747269627 7665.331165033906
-1496.3062778747571 -1712.6764441590676
3384.6295356986284 7520.101465469463
8608.284366123728 -9003.304489045526
9878.893167474886 -3325.147294224582
3595.7985768601156 7541.588922794654
3472.629485681742 2935.550360575602
-5477.573471991979 -7772.092872590914
2806.751375406733 -3190.559193705005
-9413.935905574786 -6815.080164383958
-601.8531846642363 9407.197404943658
8755.46303847868 9931.075439901317
-774.662027585835 4367.663116553398
-5810.304549876788 2249.450774776051
2678.509045937448 -6499.344800460227
-9645.089753080527 1076.6699320719235
-8569.025915092314 1737.252861327117
3389.9175523291688 -7293.744736955075
8959.822174582365 2394.445934245179
-6485.723543081969 8419.336629882102
-2679.6698392147246 -1233.9187822150507
-4113.421081315958 4616.599729823363
-7855.896255673951 -2557.8234443649435
1148.7815253087738 4487.750030438445
-6299.108666324242 914.8708546255621
8743.838594053672 2745.914286572479
7951.093595070684 -3941.229614804931
-9150.463640665079 -309.17566079863354
-8139.42754876412 5546.8687253589
6268.4494361928555 3749.6962442423937
-6658.858608695482 3824.2696628777558
-3959.045738108395 9688.92817990276
-1126.8432724084923 8297.347310368663
7998.285751055224 -6139.65569535845
-5834.5053531192725 -279.199498007305
726.009567949357 -9909.610426329673
-7708.748612947796 -9627.879866937714
-6973.058943853259 -1549.8247620637849
8170.810273266441 6088.4303143481775
-350.62738526251815 2709.434033490814
-5728.534542501371 -6816.31627255898
2175.6288958865825 -3836.5027376731978
3458.3055839739573 5941.537844976425
-5169.0736916236065 -2453.1346455973417
-2244.0155527296947 -6650.427029656885
1090.3714589096253 -4414.528752887477
8524.590066164867 7225.578120889844
-8162.348194893893 -3633.616976979215
-5742.108377378172 3595.678173898563
-2618.2820322925136 2784.7530975745103
9771.27223617168 -831.1560960699117
3358.0408620547805 -1903.9265003701585
1092.8447929267259 -3049.2069867179316
-9432.012524637299 8280.264882353746
2131.812448693421 5424.775094929744
1461.9000830056975 -9770.412890749196
-9441.802042153722 -5938.549578385419
4220.153917606189 -821.2238718277749
4720.561381244772 1864.260097678938
-6083.658633165265 -4164.144662689276
618.7113854594918 -8168.21957408131
-5228.936031224165 -3750.7458356662755
-8296.680940207905 -8041.938303701979
1223.3464277327566 -9589.068263148385
8929.647761620934 -7456.18310848861
8869.301855428552 8993.900905693936
6552.324986078889 -4432.351689191363
8577.216081742463 9044.681165578473
-4616.738844721249 -4261.316928940198
4896.226420202798 4119.820930481525
-6962.8659570689 2763.868324702513
-9735.178422292338 -5298.025438726968
-913.7380451158442 -1750.6192500220004
284.29329529784445 -1313.6950324336121
-2507.68727484207 -3200.59703834199
-4588.373415301646 -9868.281302320314
1080.5767493665553 633.0664576111776
-8363.473451105861 -998.9064792191402
9508.92400438711 -2131.9984363105896
1018.4027475057337 8035.822938601566
-6291.416736068682 1780.5306892722401
3729.2761215059927 -2309.2999109695775
-9642.394690403851 4980.082283068361
-6161.971235120971 -3332.8605050096894
-2348.4344418339824 1370.530523106867
4096.414532632096 -7787.584758768988
6626.378983972489 -8984.789210323317
-3025.393443146433 2205.022859845056
-3994.509723725101 -4635.693631015776
2371.523274073985 2807.5206416407036
-5653.523648278496 -7489.652797884696
2414.5369317318946 4491.641879165098
4122.127590954096 8992.100471661764
6629.346495998863 7922.53783581455
-1464.7559172695965 4288.256267689787
-4702.596839510096 8256.997435754784
4847.925070900468 6497.716596024104
-9966.216093645606 2077.610144734388
-605.4207820659849 1387.179849049924
7823.084762938768 -48.98584477156692
2770.663946696046 -4916.796155844083
2319.6386871757404 -4712.781657344855
-7428.67179277547 8749.649240055238
-3874.251750908038 1062.9896547964709
-2916.075903537463 -2120.311854584449
5518.7251653995245 -7622.816706425501
9617.690428409776 2557.167087742844
8201.828331775389 6662.603717843442
8024.387441804494 -4379.426553786767
-7842.401405724857 5169.549343704202
1788.1586312803902 4933.095782115406
2286.5639463378557 9368.79347328523
7478.898800226249 -8191.99679044277
6567.802390607922 -3027.178700513564
4744.599222991181 -3030.213566476041
-4213.016641798353 -6453.449451329798
-3068.764406920477 -9998.219344055435
3345.888909897232 3345.5718282757734
7602.394620365962 -74.2021157405652
9422.330220124313 -2654.347807340687
-9146.748033851069 -6642.811999684685
7932.179963556657 -5888.967065219599
-9873.993619393836 -4513.908763321766
-1947.8995084645012 -5122.422760228782
-3643.580592387705 -9286.716079907032
-442.43094642616234 -8038.866854476159
-3335.0666425315057 -1874.5096606155712
9853.987026394494 8167.159461914194
5120.390478368556 -7488.820601785004
-9680.814288332687 1763.3383238872175
6260.819054441243 -1891.3953484739031
-6871.454783105802 6546.175299995022
-3398.350866715312 -9785.321737924753
-2101.117929824003 9429.522459852971
7795.444129071893 5227.407567078479
3324.746554723806 -5066.912453527479
2175.4118091876935 2052.981584947376
-613.999458029457 7334.588666956479
-7055.131252716979 5334.386229612692
-2030.147074581303 -4515.622225631586
-8227.773519539202 -8316.208527120169
-7289.221287747087 8432.204371084641
5543.14750120425 8312.335894115266
4979.519009206671 5642.771577456069
-706.8611846566928 4082.4547920423265
1237.0492640158973 7174.966180136398
7942.15338508624 2015.92549440302
6483.398021135552 -940.8824123954946
-7109.301183350301 -3296.7928846198656
5454.3627079887865 1467.2673728418613
3404.5929142926398 -6242.57736311048
-4132.1910261065905 2160.203598687325
7045.260714512915 5055.295976925749
560.0943608548732 9457.747676815921
8852.450817860921 -8641.69877012349
7164.733474118249 164.70696484560904
-7375.3224696070465 -2422.443059536843
6123.504172705312 -461.0053787380202
-7270.932389115302 -7426.440143663529
5799.447653124989 -5203.33936967962
-6916.484064477786 9646.832823183791
-855.253321166163 -3612.0887127294136
-9397.334702087832 -3547.1487114279207
-7331.106114567196 2210.7956538727212
4386.872808979131 -7316.596436515337
1169.435702662544 313.897654095339
4073.673782247557 -4677.5993965927
1990.9337161220883 -7390.715272270116
7245.304886604419 3613.256003799581
-50.559252053168166 -9248.147618125693
-3185.400825701572 1901.368902090162
6758.308123749499 2351.887452547022
-4547.368321244003 2225.659946562364
7465.842887931383 -6326.87404292821
7576.413674888492 -790.811464718945
-6532.673721648618 3085.6227637926095
8454.102936543513 1300.3819953714428
8465.593796195059 -269.29883036488354
-4451.3699092608 8175.954608938988
5224.7391805230745 -2695.5034281171456
9999.859715431703 -9434.196129949656
-4238.787684126062 -492.7845106716486
8889.708952126635 -5914.515426553952
-2590.499892968279 -3370.9973512945953
-2001.041076128864 3671.2132123163447
6918.1935806162655 -9989.804822300572
5487.852204411976 1104.1071115260074
6944.418623971345 5597.171252836788
6557.667238590489 -9856.82879604946
917.8067681337488 -6992.29860358802
3881.5415285979398 -8124.097356081661
-4615.861694071219 1530.7507074432979
7515.95656922425 4713.82918960297
5452.143933143054 3933.3894567292355
-6202.138666113517 -7396.16765900998
-9342.502264362909 1647.303236957785
-2196.3794111398283 -4652.787804638492
-6220.490385024656 3.8640028880945465
-8859.68134727364 8293.569373382266
5739.597704519536 -388.8070914763066
-3422.4406501619487 -8146.065235565899
8933.069259318876 7353.884270777926
-4409.868068892489 1342.5098613940609
-958.6516919558162 -2835.6129518296157
2114.935537160809 -9015.53443959251
5643.8687176992535 -1732.6297951958368
-3340.9281103382436 3596.9370803169004
-7376.931737620207 -8181.560216451764
5580.713420008346 -8490.241462489012
556.3599995095428 1890.834726785317
4648.7766266295075 -8205.219604241272
1271.9066743751664 5594.225240418498
137.4576754879472 926.0181020095315
7153.771661552251 488.3662252643044
-4800.018346716928 1776.8311138510453
-4877.811413078679 4259.122477689511
3677.630298696142 98.68471676846457
-3720.725257582855 -2129.8953269043323
-3617.875391870247 -3364.233124315423
-3812.3091694734867 1137.4742817644546
-4119.205106129733 -9038.547414822864
6207.955838071282 7154.511213447033
5110.2680411452 -6193.134499075739
964.6342628427155 -1291.826517952597
2511.5793679385715 -802.7537659406444
-3450.865263405958 2281.4091092279104
-9593.197400067933 -9585.548897733002
1090.8020628826016 2877.252040014111
7192.147208484697 4900.6613755768485
1193.9710858673698 -5859.123229612075
5533.9761120847525 -484.594218451246
-7249.957764331522 -1274.108420687082
4835.790746770306 8219.413356920912
-1336.631136944823 5585.957435275741
279.4921000237682 4738.319532675123
-6846.795380607859 -2724.3045787358096
2265.9936123467523 2928.7130146632717
-7033.573940299142 298.2897854707044
-836.9971664670102 -84.1027144785021
-3904.7549310295035 -1150.3440086226328
-5948.380352703221 -2733.5395293123383
8698.832738373949 -9273.509856841672
-8885.364782007136 8759.25420496201
-6367.309938361172 -5304.660325062898
2701.9292288180186 7888.651704741631
-3302.3356275436845 1928.2392040000996
-1782.7203752672813 -5193.6482646412105
-103.84661438365583 2854.6700474359914
6058.169154187955 -3423.394981221719
618.6661808292793 5115.013448104824
7541.693125372789 9007.529077796073
5683.788584112455 -8233.482887079033
-4089.001204911924 -1970.2892029929899
2109.6181498862934 -9816.99704114014
8015.520761656273 -7727.09578501031
-6967.686479732051 -4995.278654792707
9844.296585462736 8864.535817224809
5484.537871581128 -8361.594819687574
4341.957851698646 -5705.725688797985
-4744.723244427549 -7636.880134702986
-3500.1015499151736 3388.890413669993
142.51531903988507 -7563.860492182923
3200.212309021339 -9043.47630060391
-8942.143891332462 6730.475313029503
-5163.3361101914525 -170.89408710905082
7295.06762349296 -2349.9755553892874
9705.532147661175 1420.9891252654706
-2493.553616375466 4101.830948974219
-438.31319257385803 6612.156939907425
-459.0697896042511 7029.066629058067
-8042.147486240036 2348.2151399555423
9272.47909279972 -9285.376411162706
9687.084433581378 -440.32752122930833
1303.3525906128161 3882.8931136003157
-8581.469965829969 -3570.421047248129
6052.890987866636 -485.27041277015996
3830.2617678244806 1907.0989173737998
-1432.791539253849 433.5539238769543
8436.588568413368 -6260.107031977977
-5386.12222819804 4074.008044119826
9972.749061289804 -2099.470000403081
3834.516771051107 -7874.668592376203
-5691.633966575731 -9686.620109919157
-9340.649465611228 2926.472039290218
4008.5181939317463 -4463.522348302565
-741.4491991032028 9135.66928585534
-6837.7043184855975 -9673.345139398856
-8856.798424028457 -9471.665085975997
4597.403038112021 790.5817090339133
6729.751596094207 1247.4922569281753
2930.827246212075 -6018.516604287818
8960.422826534956 8504.24270392959
-485.080678121798 -4418.92294244266
1544.702353477769 9886.929237769069
-5360.350439205758 1369.6260876929573
7248.175231638401 -1074.3331652004763
-8064.455263237775 1637.3750553876016
8814.061124479616 -1497.6639574376495
-2539.2965171485685 8598.3646043136
2017.2487461084074 2796.4352228114094
-5508.6840569015985 -9331.023281451691
4274.217177664206 -929.132061672819
8030.923001855153 -4742.136027047912
5610.6612129024015 5881.381624084332
-936.5734824188694 5051.301481053491
8619.428849368502 1485.5755509927567
-50.93133187076637 -2081.6000114853805
-9577.515098463882 3960.006865872585
3658.8941115169764 404.30369802013047
-5778.512554256583 -692.8168249335868
9602.64734466988 -3236.3697178035864
-180.64082288028294 -9380.608891842041
3300.7491775744475 7740.669607812226
1082.9877380166363 -5158.038413088233
-6751.676443775763 -5040.21574960886
-745.7180256847623 9165.574955545351
2144.304449610592 -8820.15381887392
3112.709937539339 8113.299957545027
-9759.147973346442 9953.267425501093
5740.475258335862 -1329.4371273640463
-8886.083460360926 4334.323322286726
9589.930274216338 707.4779349729997
-4946.426505838659 -9879.346715517988
9925.137576934572 3491.940004919319
-2070.154267772288 4482.864592640723
-3942.536264017329 -9516.234784153065
-7334.860389092479 -8738.486089307
641.2765537046525 -2095.6337070764494
8972.21496080084 5568.863266798973
-2260.6461128746378 221.90878648390935
-9811.276483526037 -6446.354429843553
9951.07546143981 -5144.138221944836
-6901.635181950261 -5414.628587276571
-1870.019177922708 -1434.9756653329405
-7547.648791741018 7099.346739916906
4485.900317269268 3302.080679501605
9010.789972937931 3991.043807125541
-6937.604447450361 -2325.5718888868505
-802.9627078766043 -330.79226010863385
1173.859643091797 3032.23272321301
9115.686686986464 1469.4537211895058
-2323.5314974965668 1370.2252265932784
-1678.9227117767714 6650.348132790539
-6667.802848346715 3494.193506538979
8188.5662327605605 2863.0907881200837
6904.86559064516 -1131.1969773824985
-8764.72871415843 613.8263150856455
-3099.9993783108466 -175.09341763813973
-7014.091043959512 -7416.890327297693
3376.127399732586 -8739.588336151834
-5970.839840089117 -2020.5070210533013
9054.080524926292 1519.0990745800045
5489.458146336892 5203.651203540056
-769.8210671908928 8503.254791376643
3795.558238777332 6480.377745370559
8799.089522319759 -4250.559495019468
3503.616763252461 -6350.497991285054
-8534.018552216654 1282.4181559326007
-2299.03807372958 -9032.438674389343
-6834.631482525584 -1515.6811132215698
5139.239948235248 -2228.0314133036636
6255.107923505548 9958.425798150827
851.2378599173226 -4688.896695385904
-188.05676132766712 -7148.362723699058
-3001.113282841692 9446.180358978643
-7068.21359634989 -7160.871109423539
-4183.506858792281 3497.393639611768
8459.40038456134 9951.509689941304
-1704.9433931658386 2417.623043842128
-4001.1755680746173 -5835.143483081509
9166.406225248818 1438.3418884302737
4274.486140870118 2110.361640818719
1028.8479390202338 -8034.796913052193
9890.105685121445 3045.645892550112
-153.2615218501105 -3428.6060371545555
4866.856785349935 -3864.0624110608114
9651.415852058872 5721.66404206142
635.8791217962698 -2227.117095558835
-9946.818242827436 4891.388288877046
4777.458507107414 -9419.223081966229
2063.9558619827876 5779.52299621694
-3412.2730701985656 5030.902253893388
5350.208823898505 -1217.5384715760447
6947.961068181929 -2498.1456541682355
-5286.713456786556 -8913.104307896767
-2696.7677818098364 1011.143240519652
-147.87897009917833 6884.28371313243
-8942.948965215219 -7845.91200004207
2884.087200089896 -6329.00963225665
1787.4260658548937 -8673.695763640679
-8574.14267366751 -7042.593067079128
-5161.230163499926 4689.268691524267
-7144.171067222303 9734.709723756787
8146.229554069898 -2801.3056425482264
-6531.263132188489 2135.974393679915
3087.2603015135355 9619.358045705805
9947.556671688413 4942.767330842955
-3934.126527125374 3690.50671912327
6815.637769718949 6819.0107048608625
1664.8967058435956 -385.71007970817845
2095.153137237259 7298.653306721688
-4535.111068014175 311.64515883719105
-9079.4985172343 2362.9434520506693
-8703.873133929223 -6258.999677407204
9220.95299163133 -4953.954006905179
2693.7459815326692 219.37210415342088
4557.599253627515 4616.243343634476
-8988.986964683732 -5197.955467419089
2457.6036405842497 9806.95425804194
5231.750129884218 1103.4555240249028
3684.894644520231 -7670.301691125798
-224.17876412757687 -9138.93268352608
-1521.3540986315948 -6603.904213292318
-3737.899458921932 7306.110529463935
9818.38065722026 7441.7082392781995
-8724.541032146724 -1913.7673761855485
6822.301580033836 3294.5685995199565
1696.4474837564594 1599.8574982754872
9188.727295808367 -2653.896286383766
8335.69229559911 -8507.598008460142
-2555.679292840904 -9085.11074756527
2473.561854593265 3600.4547440365222
3755.3982981961035 3629.8832587415945
-5575.593092985052 -4749.459156632903
-7132.226392087182 6910.529290289276
-5641.183293338366 5182.857870022921
-3652.6834971115904 -1351.1245053551593
8691.97240488062 -3405.215542267397
-4228.86263845033 8718.475615926887
-740.1121444854743 -9049.471459171264
-4129.5889600147675 -5342.999776852191
-8817.262822447947 -614.8912151863678
-5519.9919618628865 -6906.258694639944
4904.88090132383 862.9926036412235
5038.9101413760145 944.8426530513207
-1999.954423310688 2127.4667548366906
-7943.329380315125 7972.714471484189
-1177.6688942223227 8222.055593858535
-490.0476330232832 -1190.7312284607688
3652.2807726024785 -3876.903563612508
853.5705144129024 6289.891119016373
4538.34343818068 -5037.679797022987
-6862.586131850676 2137.488264915666
-4119.954572902038 2487.7930681069156
-4764.3062496557295 -299.2012846906473
1377.6218769621446 8756.888335934713
-8830.629254949405 -9285.37426196174
-966.3495989169605 -4351.626056376427
-7362.257776618191 4908.869588635283
-8275.888233104522 -7460.38484746139
-644.6723313088514 -3079.16502110932
8342.186921711771 -5969.530785483601
-6433.771414801781 -4183.475552513358
-4655.6049322038825 4703.886852573405
3360.714019269586 1967.039344143499
616.0444514046467 1880.350408796401
8740.100716542602 -7849.101806035676
-9677.399275025298 -3827.564359062163
9774.36759477124 -4155.950875287488
-9417.062782027288 -933.6924072243455
-9466.319516776251 5307.447206507075
-3236.6349378783225 1332.5058286175336
-9820.623263412292 -8630.692902286593
-2512.695585277518 -628.1532053251303
2998.06365887585 -2815.620958618223
6710.318222370945 2473.3610616279475
1887.866912986392 -4901.843006286313
-1010.8391430921984 1390.981517302498
-7522.338578505652 -3793.565729910375
1648.165026930743 7681.0524844788015
-4796.097249982301 1684.2366673417946
-4884.504010728449 -6712.082639029073
2735.401569717351 1051.3411262445698
6330.482863630707 -7059.172195438754
7396.697051820454 6308.6661187432255
-4460.026594050794 4279.173886202694
-5510.541967204907 4567.160134716418
-9882.426956743491 5416.025657415634
-8271.995432983196 -7678.720853037788
4297.704545771199 9949.042989156194
-63.15794156988886 5277.8052217242075
6127.212655339443 2817.5509931880497
8364.447553230806 -4494.832486600731
-5227.778617272292 7544.070149743831
4772.689036724209 -7789.899536660816
7331.672421082778 -3762.2230420625956
6819.796136762878 2306.4622693826786
3424.836004898363 3708.248516971562
3884.604549272004 -3463.3630673719163
-7028.631004374449 9819.327831576786
5869.994545776533 -2424.293856032089
-9323.832170623598 -628.9766485244818
5652.883354297355 -737.0238253701846
3815.3810612381185 -3651.9875291288263
-4087.077633369736 -8303.4592976788
-1606.4280910088419 -8996.123474963726
-2553.787369319911 -4639.577235586787
5365.716887012157 296.1386124090386
-7673.277357728308 5111.880231180685
-2274.0616963644197 9976.814514608934
8739.066665761158 -8322.229425072792
4404.401849579752 3941.9028766485753
3218.572151668932 -4241.330673894215
6825.511533652159 -2227.8099342754067
-3049.753095529357 9276.46873137945
-7776.222719726595 7722.5930357210855
-8205.60918201941 -1424.2165585668754
5435.4736097480545 -9578.03966524749
-3153.8398896162853 -4042.9406485952986
-4613.049666052071 8417.31937293303
-748.9585732814812 -1904.9691597262954
-7072.051030658288 7752.365359943917
-7669.870137992092 263.2847658162009
-7450.546502099693 -421.6993205795152
4187.126855282291 -315.659745108911
-2507.3794882675293 3788.8077292719227
-9291.85218894581 3430.8327644329474
728.9433213291122 -1381.5971775315102
8620.945487368896 -6043.579293890187
-4644.97156447643 -5962.723656243465
-3503.1160608536684 -4887.722348139451
471.5048391779037 6833.52536123442
1746.1867873907759 5688.338069149266
-5835.649999783521 5851.632482705812
-5768.670378861291 9443.389659345783
932.4382108045447 -3195.767126963169
-6981.429722266128 -7983.2762039065665
4092.240103557626 -137.15025648811024
2140.3358225131597 3429.611846298203
3586.4737333905687 350.94977382466095
-2792.660821254791 -220.80107821329148
-1085.0401201837994 -5201.978451285647
8461.645755019079 9705.331255120396
7347.965639540638 4629.951875709623
-3694.24449566119 8797.830054829017
-6937.112385004453 9741.380171905195
-8691.654845369405 -7535.658540074461
3788.8998151581527 7897.7619639321965
-1495.8108302033543 -3847.7384865220947
-7301.245029359214 -8538.226505651523
4778.546001334324 5446.046145174301
734.9525004700172 -3192.021728533261
-2652.717789035908 -5230.385758410678
-188.77539074488413 -3473.4914170056654
4951.8373819993685 5175.980084623714
3478.919807370041 7630.864478360389
-3338.5759352881287 -7755.292792626971
2132.628960905231 3036.000800769043
-4749.902132730744 -9304.18162668442
3691.132310257466 9721.202949377053
7434.228687802537 6380.417539856968
6113.800819720345 1097.9801656501495
-5858.000356573292 -2916.4329225072597
6578.802683883216 -4857.926654601357
9717.382329860302 -2305.3934869455106
-1496.075987721888 -1980.0953149352572
-1609.9248593481461 -5695.784464939455
1547.1196898510207 -7607.025051198107
-9046.670600903857 -4777.6141253512305
8868.278208762753 8763.4191836674
1795.2151023216247 2962.5081149666057
-7022.484837969609 4214.198669898005
4809.204546278523 -5563.20303925214
-9481.843677324052 -9030.529896338878
-6766.8121954217495 1773.486976305252
-7.202042363360306 5391.888335458922
1377.0324085553093 -7731.998990414939
-5332.633137365204 3790.923329650439
-3219.7022581671035 -5131.455572676793
-7164.068562815868 4398.620169892538
8780.430817506356 -5732.036291273821
2585.570201964025 -9036.71684301893
7835.1815027094235 -132.11639078929147
4745.532304168964 81.70518309145882
8154.291541212213 4218.149808881244
2940.7068374760383 6461.517158327013
-7663.588464428049 -3735.819314274311
5362.293492208599 -6162.285554628262
-8669.33259175626 8915.64847465056
-8550.522620223373 3916.344023426329
6625.663281457437 -1826.1438501731827
3543.4289554459865 -9617.12927576621
-1981.809316503036 8582.35378031211
-3158.3928212810706 -8306.54859522557
7967.369683112498 8863.34037386287
3042.948114374851 7825.190773979852
-395.31247749684917 -4121.548072176109
8399.126906213904 8947.676519449291
6051.843852584687 3990.96045648622
-4242.718170957114 359.3224138766527
7162.419217684732 -7996.096846931253
9142.392271246863 4104.799138528748
9796.800146902875 -869.1661511574348
5195.619438506788 -8902.89701946463
4790.999967220683 -6906.894809301926
-5423.738476936875 -804.556709906894
-9906.9548252081 5624.284747932768
3162.1626581434994 2888.1633817004877
-8349.737001456291 70.40645317794042
7649.25961724067 -3293.8891026864185
-5048.036121409034 8747.440373624966
2048.3769067274316 4309.22512773929
-514.5436271352719 357.60219569097353
7058.572250346984 -4557.057012558501
8281.997028542373 -3973.585066216192
5927.21130771312 -2792.5189798111824
-6255.863085461837 -7603.77330618877
-8177.398849563992 -5474.573196000343
2809.9178327259215 -533.1428455629775
-174.01797140613053 -2770.6223568477335
6748.322440235868 -6650.466529746442
-9484.476500639674 1679.7699423099093
5817.585594362383 -7414.349528330606
1047.32210837383 5162.007958174705
3244.897331860191 4225.785612752943
-122.45413379518868 -6689.159530053444
2039.3860130360754 -6478.002290404128
-3785.770401858528 3468.1587726947982
-5402.676784841338 4585.305808451985
-208.63287106497773 6546.243506823612
-7908.310850790829 9890.530926447555
7818.796658861753 4304.495453127018
629.7032209732806 -3582.919339532329
8936.05137454961 -1834.1329339196518
-2949.320343273267 7161.820778215388
2631.5002022212866 1317.3622797602984
9054.30867564656 -1695.097861911474
-5785.751153406737 -1956.2357764917151
-3658.9345555343543 -2934.2726242134477
3879.273361773634 976.4346611484889
4366.4740880360805 -6082.090006597907
3164.603333909663 -9141.24521176669
-2386.754975453713 -4739.497911382029
-3522.158417386474 -3367.3705948722545
-9.873660862973338 7335.877335685425
4479.83669922049 -8444.984665421098
-7163.71191073355 6293.042859930947
-754.9035867518833 -7412.664937667007
376.6367268485701 -8961.22787202796
-6142.325008912872 5302.564338885411
3152.3203500013915 -1376.468620500953
-4635.666565747667 8225.624278194358
966.4966132204736 7610.937354022048
-6883.629449788602 -5021.443965947649
-6809.423506991228 6673.581740034457
-4791.4793985562665 7955.979720667983
5080.686617755986 -2600.118854361921
-1566.8314444414827 -7379.515905651453
2008.2215861294899 3077.3110312171266
-5714.001255910941 7638.530094881484
9882.379650684332 -5762.591220486939
-9937.709535367583 -9071.865113874941
-3347.933647290697 -6756.052583611825
-5968.294147903687 -3179.0705943274443
-8526.672409907032 3553.362387989242
8175.243162486444 3387.279687581804
-3483.5382283525387 9491.954755407023
-5883.471383446568 -7158.310073281484
-3541.254608097024 -2112.896496084293
4679.510953723247 -9532.871034176684
-1984.0275207140821 5224.777279174505
7483.937667907972 -9056.655607573302
8861.43186001516 -4032.6299172320023
-5163.129705718658 -9856.833859996705
-1271.2219901774843 7551.791142135578
-5859.006627350343 -56.35830739098674
47.12771266954951 -7260.856383393011
-8724.621237620364 -9977.211313668426
1063.8323852221147 -1868.8891002829087
-8851.773537704168 -1022.5106029100552
6833.604040085938 6705.199336190883
3364.940615569156 -751.6276797109185
-5040.078374159944 5060.62839658054
7277.858012646593 -9963.389494461444
-8038.875613089087 5276.240183650201
-1621.5571829717119 -8845.492379297653
2407.2535534237286 9333.689359800697
6913.579680208255 2743.2045963912133
8898.810379611205 -3009.935564631045
357.7316430406281 2131.2906968465577
-6026.760432349567 -502.1808640669715
-1047.2429496514887 -4454.061668004854
-8926.879496801468 153.8856392593243
-3883.783952318716 -7660.287901518346
1913.8485762273303 -3070.5399403793663
4572.44693911088 9962.42670069605
6628.858270480407 7974.58135968171
4402.449409259083 -125.96853419585204
1016.5844103036161 -3582.9572624642906
4675.750859240843 -9373.355556967274
-6443.13167117526 -2742.316466330759
-1785.997011060188 -6274.106977163021
-8788.63208039545 6603.690824128655
294.11390534960265 9064.881975640106
5810.359774834993 2660.697412555084
-2470.8390628645357 2328.92829727563
6556.100833588891 3350.716041067466
6900.315939456006 -7057.3171605769785
-505.1224919919732 2674.7144823536546
-5916.566537328734 -9274.209867489482
-9633.405281999945 3982.70583840751
2590.3080679204904 -789.3088965185652
6866.899402509192 -5415.998233512547
8995.066316987624 -935.3413036055317
8709.767189333932 -2515.160406750503
6663.782002872278 7843.515563830664
9571.036712066736 7492.094040167911
6866.883492379409 7141.255187137773
-7534.118332405346 8276.490750924702
-8329.798491393818 9895.732878958766
-9904.716735012269 -6527.9983283055335
-9431.903978953766 6946.856348398313
-1633.4372729086244 -8726.354934301795
8390.854975079808 -7898.086298731592
-1189.767617160851 -5718.936703651749
-7083.620963404794 190.15711962397654
-8243.079988261788 -242.97324286788535
663.1405163041636 -1866.606498385333
2940.620630830128 8066.750616940404
9586.420304960397 8844.981961790694
-3338.038815964377 1296.3807073270382
3924.865621990155 5303.542797137448
3913.2371280842053 -597.35378035131
-7830.1129228622485 -2452.550332177443
2915.2613605086226 -8723.333110439542
5797.105385094179 1765.6533822630772
-524.8700285480172 8314.368011774994
7618.371144301764 -4916.8232993963975
-451.1927813130915 -6898.470765797125
8943.25861661604 -467.0165275152758
-6771.583780084069 1856.1284845937535
-7453.0559946215535 -7066.457006635954
-2638.58453042608 -3929.483872513033
-6872.666515043997 -2530.7585138866216
9150.26487288453 -5757.077130666035
1324.6351194453255 6112.21207905443
-898.2291597035746 -5882.18970017089
4925.088722575836 -6622.126967054775
-8462.89892612935 5938.34971877508
1863.2051565432866 7695.65255567008
9548.804678453158 -4462.28272076757
-6678.544949258323 -6839.684182300949
-9466.80238837025 1900.4457178873308
